// Copyright (c) Facebook, Inc. and its affiliates.
//
// This source code is licensed under the MIT license found in the
// LICENSE file in the root directory of this source tree.

#include "common.cuh"
#include "kernels.cuh"
#include <cub/block/block_discontinuity.cuh>
#include <cub/block/block_load.cuh>
#include <cub/block/block_radix_sort.cuh>
#include <cub/block/block_reduce.cuh>
#include <cub/block/block_store.cuh>
#include <cub/cub.cuh>
#include <cub/warp/warp_reduce.cuh>
#include <cuda_fp16.h>
#include <math_constants.h>
#include <mma.h>

#if CCCL_VERSION >= 2008002
#include <cuda/std/functional>
#define CUB_REDUCTIONOP_MAX                                                                                            \
    cuda::maximum<> {}
#else
#define CUB_REDUCTIONOP_MAX cub::Max()
#endif

#define HLF_MAX 65504
#define TH 1024
#define NUM 4
#define NUM_BLOCK 4096

__device__ static float fp4_dequantization_lut[8] = {
    0.0f,            // 0b000
    0.005208333333f, // 0b001
    0.66666667f,     // 0b010
    1.0f,            // 0b011
    0.33333333f,     // 0b100
    0.5f,            // 0b101
    0.16666667f,     // 0b110
    0.25f            // 0b111
};

// source: generated from scripts/run_nf4_luts.py
// approximation of the empirical lloyd's algorithm LUT for normal distribution using 6-bit output
//__device__ static float EWM_nf4_dequantization_lut[256] = { 1.0, 0.709574818611145, 0.5396093130111694, 0.4008326530456543, 0.2788923680782318, 0.18135100603103638, 0.09079605340957642, 0.0, -0.08183729648590088, -0.16048088669776917, -0.23759044706821442, -0.33791524171829224, -0.44070982933044434, -0.5303358435630798, -0.709574818611145, -1.0, 0.709574818611145, 0.4553680419921875, 0.35173365473747253, 0.2788923680782318, 0.1941021978855133, 0.1335524469614029, 0.062449339777231216, 0.0, -0.05331476777791977, -0.11203844845294952, -0.17427194118499756, -0.23759044706821442, -0.30111703276634216, -0.3887375295162201, -0.5303358435630798, -0.709574818611145, 0.5396093130111694, 0.35173365473747253, 0.2788923680782318, 0.20736053586006165, 0.14913752675056458, 0.09701954573392868, 0.046290572732686996, 0.0, -0.040956057608127594, -0.08183729648590088, -0.12729153037071228, -0.17427194118499756, -0.23759044706821442, -0.30111703276634216, -0.3887375295162201, -0.5303358435630798, 0.4008326530456543, 0.2788923680782318, 0.20736053586006165, 0.1592734009027481, 0.11263827234506607, 0.0719468891620636, 0.035239871591329575, 0.0, -0.031097423285245895, -0.06393905729055405, -0.09908926486968994, -0.13351593911647797, -0.17427194118499756, -0.21391306817531586, -0.2849748432636261, -0.3887375295162201, 0.2788923680782318, 0.1941021978855133, 0.14913752675056458, 0.11263827234506607, 0.08127953857183456, 0.05482369661331177, 0.026295622810721397, 0.0, -0.022522233426570892, -0.04562511295080185, -0.07000452280044556, -0.09908926486968994, -0.12729153037071228, -0.16048088669776917, -0.21391306817531586, -0.2849748432636261, 0.18135100603103638, 0.1335524469614029, 0.09701954573392868, 0.0719468891620636, 0.05482369661331177, 0.035239871591329575, 0.01820465922355652, 0.0, -0.012200937606394291, -0.02973562479019165, -0.04562511295080185, -0.06393905729055405, -0.08183729648590088, -0.09908926486968994, -0.13351593911647797, -0.18477343022823334, 0.09079605340957642, 0.062449339777231216, 0.046290572732686996, 0.035239871591329575, 0.026295622810721397, 0.01820465922355652, 0.010059220716357231, 0.0, -0.012200937606394291, -0.012200937606394291, -0.022522233426570892, -0.031097423285245895, -0.040956057608127594, -0.05331476777791977, -0.06393905729055405, -0.09105003625154495, 0.0, 0.0, 0.0, 0.0, 0.0, 0.0, 0.0, 0.0, 0.0, 0.0, 0.0, 0.0, 0.0, 0.0, 0.0, 0.0, -0.08183729648590088, -0.05331476777791977, -0.040956057608127594, -0.031097423285245895, -0.022522233426570892, -0.012200937606394291, -0.012200937606394291, 0.0, 0.010059220716357231, 0.010059220716357231, 0.01820465922355652, 0.026295622810721397, 0.035239871591329575, 0.046290572732686996, 0.05482369661331177, 0.08127953857183456, -0.16048088669776917, -0.11203844845294952, -0.08183729648590088, -0.06393905729055405, -0.04562511295080185, -0.02973562479019165, -0.012200937606394291, 0.0, 0.010059220716357231, 0.026295622810721397, 0.03960690274834633, 0.05482369661331177, 0.0719468891620636, 0.09079605340957642, 0.11263827234506607, 0.1592734009027481, -0.23759044706821442, -0.17427194118499756, -0.12729153037071228, -0.09908926486968994, -0.07000452280044556, -0.04562511295080185, -0.022522233426570892, 0.0, 0.01820465922355652, 0.03960690274834633, 0.062449339777231216, 0.08127953857183456, 0.11263827234506607, 0.1335524469614029, 0.18135100603103638, 0.2461204081773758, -0.33791524171829224, -0.23759044706821442, -0.17427194118499756, -0.13351593911647797, -0.09908926486968994, -0.06393905729055405, -0.031097423285245895, 0.0, 0.026295622810721397, 0.05482369661331177, 0.08127953857183456, 0.11263827234506607, 0.14913752675056458, 0.1941021978855133, 0.2461204081773758, 0.35173365473747253, -0.44070982933044434, -0.30111703276634216, -0.23759044706821442, -0.17427194118499756, -0.12729153037071228, -0.08183729648590088, -0.040956057608127594, 0.0, 0.035239871591329575, 0.0719468891620636, 0.11263827234506607, 0.14913752675056458, 0.1941021978855133, 0.2461204081773758, 0.31792208552360535, 0.4553680419921875, -0.5303358435630798, -0.3887375295162201, -0.30111703276634216, -0.21391306817531586, -0.16048088669776917, -0.09908926486968994, -0.05331476777791977, 0.0, 0.046290572732686996, 0.09079605340957642, 0.1335524469614029, 0.1941021978855133, 0.2461204081773758, 0.31792208552360535, 0.4008326530456543, 0.5396093130111694, -0.709574818611145, -0.5303358435630798, -0.3887375295162201, -0.2849748432636261, -0.21391306817531586, -0.13351593911647797, -0.06393905729055405, 0.0, 0.05482369661331177, 0.11263827234506607, 0.18135100603103638, 0.2461204081773758, 0.31792208552360535, 0.4008326530456543, 0.5396093130111694, 0.709574818611145, -1.0, -0.709574818611145, -0.5303358435630798, -0.3887375295162201, -0.2849748432636261, -0.18477343022823334, -0.09105003625154495, 0.0, 0.08127953857183456, 0.1592734009027481, 0.2461204081773758, 0.35173365473747253, 0.4553680419921875, 0.5396093130111694, 0.709574818611145, 1.0};

// approximation of the empirical lloyd's algorithm LUT for normal distribution using 5-bit output
//__device__ static float EWM_nf4_dequantization_lut[256] = {1.0, 0.6151495575904846, 0.6151495575904846, 0.41117098927497864, 0.30240583419799805, 0.19187599420547485, 0.0928705558180809, 0.0, -0.08183729648590088, -0.16875550150871277, -0.23373964428901672, -0.30201980471611023, -0.40173059701919556, -0.602031409740448, -0.602031409740448, -1.0, 0.6151495575904846, 0.41117098927497864, 0.41117098927497864, 0.30240583419799805, 0.19187599420547485, 0.1161937415599823, 0.058739397674798965, 0.0, -0.06344498693943024, -0.12673068046569824, -0.16875550150871277, -0.23373964428901672, -0.30201980471611023, -0.40173059701919556, -0.602031409740448, -0.602031409740448, 0.6151495575904846, 0.41117098927497864, 0.30240583419799805, 0.19187599420547485, 0.15014491975307465, 0.0928705558180809, 0.04837945103645325, 0.0, -0.044877730309963226, -0.08183729648590088, -0.12673068046569824, -0.16875550150871277, -0.23373964428901672, -0.30201980471611023, -0.40173059701919556, -0.602031409740448, 0.41117098927497864, 0.30240583419799805, 0.19187599420547485, 0.15014491975307465, 0.1161937415599823, 0.07713169604539871, 0.032240938395261765, 0.0, -0.030643491074442863, -0.06344498693943024, -0.09707945585250854, -0.12673068046569824, -0.16875550150871277, -0.23373964428901672, -0.30201980471611023, -0.40173059701919556, 0.30240583419799805, 0.19187599420547485, 0.15014491975307465, 0.1161937415599823, 0.07713169604539871, 0.04837945103645325, 0.032240938395261765, 0.0, -0.018600374460220337, -0.044877730309963226, -0.06344498693943024, -0.09707945585250854, -0.12673068046569824, -0.16875550150871277, -0.19520613551139832, -0.30201980471611023, 0.19187599420547485, 0.1161937415599823, 0.0928705558180809, 0.07713169604539871, 0.04837945103645325, 0.032240938395261765, 0.016405398026108742, 0.0, -0.018600374460220337, -0.030643491074442863, -0.044877730309963226, -0.06344498693943024, -0.08183729648590088, -0.09707945585250854, -0.12673068046569824, -0.19520613551139832, 0.0928705558180809, 0.058739397674798965, 0.04837945103645325, 0.032240938395261765, 0.032240938395261765, 0.016405398026108742, 0.007311566732823849, 0.0, -0.007245789282023907, -0.018600374460220337, -0.018600374460220337, -0.030643491074442863, -0.044877730309963226, -0.044877730309963226, -0.06344498693943024, -0.09707945585250854, 0.0, 0.0, 0.0, 0.0, 0.0, 0.0, 0.0, 0.0, 0.0, 0.0, 0.0, 0.0, 0.0, 0.0, 0.0, 0.0, -0.08183729648590088, -0.06344498693943024, -0.044877730309963226, -0.030643491074442863, -0.018600374460220337, -0.018600374460220337, -0.007245789282023907, 0.0, 0.007311566732823849, 0.016405398026108742, 0.016405398026108742, 0.032240938395261765, 0.032240938395261765, 0.04837945103645325, 0.058739397674798965, 0.07713169604539871, -0.16875550150871277, -0.12673068046569824, -0.08183729648590088, -0.06344498693943024, -0.044877730309963226, -0.030643491074442863, -0.018600374460220337, 0.0, 0.016405398026108742, 0.032240938395261765, 0.032240938395261765, 0.058739397674798965, 0.07713169604539871, 0.0928705558180809, 0.1161937415599823, 0.15014491975307465, -0.23373964428901672, -0.16875550150871277, -0.12673068046569824, -0.09707945585250854, -0.06344498693943024, -0.044877730309963226, -0.018600374460220337, 0.0, 0.016405398026108742, 0.032240938395261765, 0.058739397674798965, 0.07713169604539871, 0.1161937415599823, 0.15014491975307465, 0.19187599420547485, 0.2461204081773758, -0.30201980471611023, -0.23373964428901672, -0.16875550150871277, -0.12673068046569824, -0.09707945585250854, -0.06344498693943024, -0.030643491074442863, 0.0, 0.032240938395261765, 0.058739397674798965, 0.07713169604539871, 0.1161937415599823, 0.15014491975307465, 0.19187599420547485, 0.2461204081773758, 0.30240583419799805, -0.40173059701919556, -0.30201980471611023, -0.23373964428901672, -0.16875550150871277, -0.12673068046569824, -0.08183729648590088, -0.044877730309963226, 0.0, 0.032240938395261765, 0.07713169604539871, 0.1161937415599823, 0.15014491975307465, 0.19187599420547485, 0.2461204081773758, 0.30240583419799805, 0.41117098927497864, -0.602031409740448, -0.40173059701919556, -0.30201980471611023, -0.23373964428901672, -0.16875550150871277, -0.09707945585250854, -0.044877730309963226, 0.0, 0.04837945103645325, 0.0928705558180809, 0.15014491975307465, 0.19187599420547485, 0.2461204081773758, 0.30240583419799805, 0.41117098927497864, 0.6151495575904846, -0.602031409740448, -0.602031409740448, -0.40173059701919556, -0.30201980471611023, -0.19520613551139832, -0.12673068046569824, -0.06344498693943024, 0.0, 0.058739397674798965, 0.1161937415599823, 0.19187599420547485, 0.2461204081773758, 0.30240583419799805, 0.41117098927497864, 0.6151495575904846, 0.6151495575904846, -1.0, -0.602031409740448, -0.602031409740448, -0.40173059701919556, -0.30201980471611023, -0.19520613551139832, -0.09707945585250854, 0.0, 0.07713169604539871, 0.15014491975307465, 0.2461204081773758, 0.30240583419799805, 0.41117098927497864, 0.6151495575904846, 0.6151495575904846, 1.0};

// approximation of the empirical lloyd's algorithm LUT for normal distribution using 4-bit output 
//__device__ __constant__ float g_ewm_nf4_dequantization_lut[256] = { 1.0, 0.5856893760119567, 0.5856893760119567, 0.36044934294192454, 0.21465849130729, 0.21465849130729, 0.07216246059813591, 0.001425656162998522, -0.07125976569357444, -0.12406648673040939, -0.20685253345347152, -0.33690320658828365, -0.33690320658828365, -0.566538508588858, -0.566538508588858, -1.0, 0.5856893760119567, 0.5856893760119567, 0.36044934294192454, 0.21465849130729, 0.21465849130729, 0.12459118891348239, 0.07216246059813591, 0.001425656162998522, -0.07125976569357444, -0.12406648673040939, -0.20685253345347152, -0.20685253345347152, -0.33690320658828365, -0.33690320658828365, -0.566538508588858, -0.566538508588858, 0.5856893760119567, 0.36044934294192454, 0.21465849130729, 0.21465849130729, 0.12459118891348239, 0.07216246059813591, 0.0356305411614352, 0.001425656162998522, -0.03877756929350688, -0.07125976569357444, -0.12406648673040939, -0.20685253345347152, -0.20685253345347152, -0.33690320658828365, -0.33690320658828365, -0.566538508588858, 0.36044934294192454, 0.21465849130729, 0.21465849130729, 0.12459118891348239, 0.12459118891348239, 0.07216246059813591, 0.0356305411614352, 0.001425656162998522, -0.03877756929350688, -0.07125976569357444, -0.07125976569357444, -0.12406648673040939, -0.20685253345347152, -0.20685253345347152, -0.33690320658828365, -0.33690320658828365, 0.21465849130729, 0.21465849130729, 0.12459118891348239, 0.12459118891348239, 0.07216246059813591, 0.0356305411614352, 0.0356305411614352, 0.001425656162998522, -0.01513044631792837, -0.03877756929350688, -0.07125976569357444, -0.07125976569357444, -0.12406648673040939, -0.12406648673040939, -0.20685253345347152, -0.33690320658828365, 0.21465849130729, 0.12459118891348239, 0.07216246059813591, 0.07216246059813591, 0.0356305411614352, 0.0356305411614352, 0.001425656162998522, 0.001425656162998522, -0.01513044631792837, -0.03877756929350688, -0.03877756929350688, -0.07125976569357444, -0.07125976569357444, -0.12406648673040939, -0.12406648673040939, -0.20685253345347152, 0.07216246059813591, 0.07216246059813591, 0.0356305411614352, 0.0356305411614352, 0.0356305411614352, 0.001425656162998522, 0.001425656162998522, 0.001425656162998522, -0.01513044631792837, -0.01513044631792837, -0.01513044631792837, -0.03877756929350688, -0.03877756929350688, -0.03877756929350688, -0.07125976569357444, -0.07125976569357444, 0.001425656162998522, 0.001425656162998522, 0.001425656162998522, 0.001425656162998522, 0.001425656162998522, 0.001425656162998522, 0.001425656162998522, 0.001425656162998522, 0.001425656162998522, 0.001425656162998522, 0.001425656162998522, 0.001425656162998522, 0.001425656162998522, 0.001425656162998522, 0.001425656162998522, 0.001425656162998522, -0.07125976569357444, -0.07125976569357444, -0.03877756929350688, -0.03877756929350688, -0.01513044631792837, -0.01513044631792837, -0.01513044631792837, 0.001425656162998522, 0.001425656162998522, 0.001425656162998522, 0.0356305411614352, 0.0356305411614352, 0.0356305411614352, 0.0356305411614352, 0.07216246059813591, 0.07216246059813591, -0.12406648673040939, -0.12406648673040939, -0.07125976569357444, -0.07125976569357444, -0.03877756929350688, -0.03877756929350688, -0.01513044631792837, 0.001425656162998522, 0.001425656162998522, 0.0356305411614352, 0.0356305411614352, 0.07216246059813591, 0.07216246059813591, 0.07216246059813591, 0.12459118891348239, 0.12459118891348239, -0.20685253345347152, -0.20685253345347152, -0.12406648673040939, -0.07125976569357444, -0.07125976569357444, -0.03877756929350688, -0.01513044631792837, 0.001425656162998522, 0.0356305411614352, 0.0356305411614352, 0.07216246059813591, 0.07216246059813591, 0.12459118891348239, 0.12459118891348239, 0.21465849130729, 0.21465849130729, -0.33690320658828365, -0.20685253345347152, -0.20685253345347152, -0.12406648673040939, -0.07125976569357444, -0.07125976569357444, -0.03877756929350688, 0.001425656162998522, 0.0356305411614352, 0.07216246059813591, 0.07216246059813591, 0.12459118891348239, 0.12459118891348239, 0.21465849130729, 0.21465849130729, 0.36044934294192454, -0.33690320658828365, -0.33690320658828365, -0.20685253345347152, -0.20685253345347152, -0.12406648673040939, -0.07125976569357444, -0.03877756929350688, 0.001425656162998522, 0.0356305411614352, 0.07216246059813591, 0.12459118891348239, 0.12459118891348239, 0.21465849130729, 0.21465849130729, 0.36044934294192454, 0.36044934294192454, -0.566538508588858, -0.33690320658828365, -0.33690320658828365, -0.20685253345347152, -0.12406648673040939, -0.12406648673040939, -0.03877756929350688, 0.001425656162998522, 0.0356305411614352, 0.07216246059813591, 0.12459118891348239, 0.21465849130729, 0.21465849130729, 0.36044934294192454, 0.36044934294192454, 0.5856893760119567, -0.566538508588858, -0.566538508588858, -0.33690320658828365, -0.33690320658828365, -0.20685253345347152, -0.12406648673040939, -0.07125976569357444, 0.001425656162998522, 0.07216246059813591, 0.12459118891348239, 0.21465849130729, 0.21465849130729, 0.36044934294192454, 0.36044934294192454, 0.5856893760119567, 0.5856893760119567, -1.0, -0.566538508588858, -0.566538508588858, -0.33690320658828365, -0.33690320658828365, -0.20685253345347152, -0.07125976569357444, 0.001425656162998522, 0.07216246059813591, 0.12459118891348239, 0.21465849130729, 0.36044934294192454, 0.36044934294192454, 0.5856893760119567, 0.5856893760119567, 1.0};

// approximation of the empirical lloyd's algorithm LUT for normal distribution using 3-bit output 
//__device__ static float EWM_nf4_dequantization_lut[256] = {1.0, 0.5239889672932652, 0.5239889672932652, 0.5239889672932652, 0.25334649285065675, 0.25334649285065675, 0.0856810512190047, -0.02973938039148147, -0.02973938039148147, -0.20233750207426862, -0.20233750207426862, -0.46734053447942603, -0.46734053447942603, -0.46734053447942603, -0.9244261066985294, -0.9244261066985294, 0.5239889672932652, 0.5239889672932652, 0.25334649285065675, 0.25334649285065675, 0.25334649285065675, 0.0856810512190047, 0.0856810512190047, -0.02973938039148147, -0.02973938039148147, -0.02973938039148147, -0.20233750207426862, -0.20233750207426862, -0.20233750207426862, -0.46734053447942603, -0.46734053447942603, -0.9244261066985294, 0.5239889672932652, 0.25334649285065675, 0.25334649285065675, 0.25334649285065675, 0.0856810512190047, 0.0856810512190047, 0.0856810512190047, -0.02973938039148147, -0.02973938039148147, -0.02973938039148147, -0.20233750207426862, -0.20233750207426862, -0.20233750207426862, -0.20233750207426862, -0.46734053447942603, -0.46734053447942603, 0.5239889672932652, 0.25334649285065675, 0.25334649285065675, 0.0856810512190047, 0.0856810512190047, 0.0856810512190047, 0.0856810512190047, -0.02973938039148147, -0.02973938039148147, -0.02973938039148147, -0.02973938039148147, -0.20233750207426862, -0.20233750207426862, -0.20233750207426862, -0.20233750207426862, -0.46734053447942603, 0.25334649285065675, 0.25334649285065675, 0.0856810512190047, 0.0856810512190047, 0.0856810512190047, 0.0856810512190047, -0.02973938039148147, -0.02973938039148147, -0.02973938039148147, -0.02973938039148147, -0.02973938039148147, -0.02973938039148147, -0.20233750207426862, -0.20233750207426862, -0.20233750207426862, -0.20233750207426862, 0.25334649285065675, 0.0856810512190047, 0.0856810512190047, 0.0856810512190047, 0.0856810512190047, 0.0856810512190047, -0.02973938039148147, -0.02973938039148147, -0.02973938039148147, -0.02973938039148147, -0.02973938039148147, -0.02973938039148147, -0.02973938039148147, -0.02973938039148147, -0.20233750207426862, -0.20233750207426862, 0.0856810512190047, 0.0856810512190047, 0.0856810512190047, 0.0856810512190047, -0.02973938039148147, -0.02973938039148147, -0.02973938039148147, -0.02973938039148147, -0.02973938039148147, -0.02973938039148147, -0.02973938039148147, -0.02973938039148147, -0.02973938039148147, -0.02973938039148147, -0.02973938039148147, -0.02973938039148147, -0.02973938039148147, -0.02973938039148147, -0.02973938039148147, -0.02973938039148147, -0.02973938039148147, -0.02973938039148147, -0.02973938039148147, -0.02973938039148147, -0.02973938039148147, -0.02973938039148147, -0.02973938039148147, -0.02973938039148147, -0.02973938039148147, -0.02973938039148147, -0.02973938039148147, -0.02973938039148147, -0.02973938039148147, -0.02973938039148147, -0.02973938039148147, -0.02973938039148147, -0.02973938039148147, -0.02973938039148147, -0.02973938039148147, -0.02973938039148147, -0.02973938039148147, -0.02973938039148147, -0.02973938039148147, -0.02973938039148147, 0.0856810512190047, 0.0856810512190047, 0.0856810512190047, 0.0856810512190047, -0.20233750207426862, -0.02973938039148147, -0.02973938039148147, -0.02973938039148147, -0.02973938039148147, -0.02973938039148147, -0.02973938039148147, -0.02973938039148147, -0.02973938039148147, -0.02973938039148147, 0.0856810512190047, 0.0856810512190047, 0.0856810512190047, 0.0856810512190047, 0.0856810512190047, 0.0856810512190047, -0.20233750207426862, -0.20233750207426862, -0.20233750207426862, -0.02973938039148147, -0.02973938039148147, -0.02973938039148147, -0.02973938039148147, -0.02973938039148147, -0.02973938039148147, 0.0856810512190047, 0.0856810512190047, 0.0856810512190047, 0.0856810512190047, 0.0856810512190047, 0.25334649285065675, 0.25334649285065675, -0.46734053447942603, -0.20233750207426862, -0.20233750207426862, -0.20233750207426862, -0.02973938039148147, -0.02973938039148147, -0.02973938039148147, -0.02973938039148147, -0.02973938039148147, 0.0856810512190047, 0.0856810512190047, 0.0856810512190047, 0.0856810512190047, 0.25334649285065675, 0.25334649285065675, 0.25334649285065675, -0.46734053447942603, -0.20233750207426862, -0.20233750207426862, -0.20233750207426862, -0.20233750207426862, -0.02973938039148147, -0.02973938039148147, -0.02973938039148147, 0.0856810512190047, 0.0856810512190047, 0.0856810512190047, 0.0856810512190047, 0.25334649285065675, 0.25334649285065675, 0.25334649285065675, 0.5239889672932652, -0.46734053447942603, -0.46734053447942603, -0.20233750207426862, -0.20233750207426862, -0.20233750207426862, -0.02973938039148147, -0.02973938039148147, -0.02973938039148147, 0.0856810512190047, 0.0856810512190047, 0.0856810512190047, 0.25334649285065675, 0.25334649285065675, 0.25334649285065675, 0.5239889672932652, 0.5239889672932652, -0.9244261066985294, -0.46734053447942603, -0.46734053447942603, -0.20233750207426862, -0.20233750207426862, -0.20233750207426862, -0.02973938039148147, -0.02973938039148147, 0.0856810512190047, 0.0856810512190047, 0.25334649285065675, 0.25334649285065675, 0.25334649285065675, 0.5239889672932652, 0.5239889672932652, 0.5239889672932652, -0.9244261066985294, -0.9244261066985294, -0.46734053447942603, -0.46734053447942603, -0.20233750207426862, -0.20233750207426862, -0.02973938039148147, -0.02973938039148147, 0.0856810512190047, 0.0856810512190047, 0.25334649285065675, 0.25334649285065675, 0.5239889672932652, 0.5239889672932652, 0.5239889672932652, 1.0};

// Exact values (8-bit LUT)
__device__ __constant__ float g_ewm_nf4_dequantization_lut[256] = { 1.0, 0.6961928009986877, 0.5250730514526367, 0.39491748809814453, 0.28444138169288635, 0.18477343022823334, 0.09105003625154495, -0.0, -0.07958029955625534, -0.16093020141124725, -0.24611230194568634, -0.33791524171829224, -0.44070982933044434, -0.5626170039176941, -0.7229568362236023, -1.0, 0.6961928009986877, 0.48468440771102905, 0.36555206775665283, 0.274938702583313, 0.19802604615688324, 0.12863792479038239, 0.06338837742805481, -0.0, -0.05540323257446289, -0.11203844845294952, -0.17134161293506622, -0.23525415360927582, -0.30681902170181274, -0.39168989658355713, -0.5033173561096191, -0.6961928009986877, 0.5250730514526367, 0.36555206775665283, 0.27570170164108276, 0.20736053586006165, 0.14935250580310822, 0.09701954573392868, 0.04780792072415352, -0.0, -0.04178547114133835, -0.08450011163949966, -0.1292269378900528, -0.1774301826953888, -0.2314048558473587, -0.2954150140285492, -0.37960514426231384, -0.5250730514526367, 0.39491748809814453, 0.274938702583313, 0.20736053586006165, 0.1559598296880722, 0.11233087629079819, 0.07297025620937347, 0.035957250744104385, -0.0, -0.03142765164375305, -0.06355415284633636, -0.09719405323266983, -0.13344864547252655, -0.17404401302337646, -0.22218729555606842, -0.28550830483436584, -0.39491748809814453, 0.28444138169288635, 0.19802604615688324, 0.14935250580310822, 0.11233087629079819, 0.08090689778327942, 0.05255721136927605, 0.025898398831486702, -0.0, -0.0226359311491251, -0.04577520862221718, -0.07000452280044556, -0.09611707925796509, -0.12535610795021057, -0.16003155708312988, -0.2056388407945633, -0.28444138169288635, 0.18477343022823334, 0.12863792479038239, 0.09701954573392868, 0.07297025620937347, 0.05255721136927605, 0.03414122015237808, 0.016823627054691315, -0.0, -0.0147043252363801, -0.02973562479019165, -0.04547501355409622, -0.0624377578496933, -0.08143146336078644, -0.1039566770195961, -0.1335832178592682, -0.18477343022823334, 0.09105003625154495, 0.06338837742805481, 0.04780792072415352, 0.035957250744104385, 0.025898398831486702, 0.016823627054691315, 0.008290109224617481, -0.0, -0.007245789282023907, -0.01465270109474659, -0.022408533841371536, -0.03076719492673874, -0.04012664407491684, -0.05122629925608635, -0.06582524627447128, -0.09105003625154495, -0.0, -0.0, -0.0, -0.0, -0.0, -0.0, -0.0, 0.0, 0.0, 0.0, 0.0, 0.0, 0.0, 0.0, 0.0, 0.0, -0.07958029955625534, -0.05540323257446289, -0.04178547114133835, -0.03142765164375305, -0.0226359311491251, -0.0147043252363801, -0.007245789282023907, 0.0, 0.006333024241030216, 0.012806873768568039, 0.019585691392421722, 0.026891395449638367, 0.03507182002067566, 0.04477322846651077, 0.05753312259912491, 0.07958029955625534, -0.16093020141124725, -0.11203844845294952, -0.08450011163949966, -0.06355415284633636, -0.04577520862221718, -0.02973562479019165, -0.01465270109474659, 0.0, 0.012806873768568039, 0.025898529216647148, 0.03960690274834633, 0.05438076704740524, 0.07092352211475372, 0.09054207056760788, 0.1163455918431282, 0.16093020141124725, -0.24611230194568634, -0.17134161293506622, -0.1292269378900528, -0.09719405323266983, -0.07000452280044556, -0.04547501355409622, -0.022408533841371536, 0.0, 0.019585691392421722, 0.03960690274834633, 0.06057126447558403, 0.08316510170698166, 0.10846410691738129, 0.1384669691324234, 0.17792856693267822, 0.24611230194568634, -0.33791524171829224, -0.23525415360927582, -0.1774301826953888, -0.13344864547252655, -0.09611707925796509, -0.0624377578496933, -0.03076719492673874, 0.0, 0.026891395449638367, 0.05438076704740524, 0.08316510170698166, 0.11418671160936356, 0.14892256259918213, 0.19011686742305756, 0.24429813027381897, 0.33791524171829224, -0.44070982933044434, -0.30681902170181274, -0.2314048558473587, -0.17404401302337646, -0.12535610795021057, -0.08143146336078644, -0.04012664407491684, 0.0, 0.03507182002067566, 0.07092352211475372, 0.10846410691738129, 0.14892256259918213, 0.19422514736652374, 0.24795083701610565, 0.3186141848564148, 0.44070982933044434, -0.5626170039176941, -0.39168989658355713, -0.2954150140285492, -0.22218729555606842, -0.16003155708312988, -0.1039566770195961, -0.05122629925608635, 0.0, 0.04477322846651077, 0.09054207056760788, 0.1384669691324234, 0.19011686742305756, 0.24795083701610565, 0.31653788685798645, 0.40674781799316406, 0.5626170039176941, -0.7229568362236023, -0.5033173561096191, -0.37960514426231384, -0.28550830483436584, -0.2056388407945633, -0.1335832178592682, -0.06582524627447128, 0.0, 0.05753312259912491, 0.1163455918431282, 0.17792856693267822, 0.24429813027381897, 0.3186141848564148, 0.40674781799316406, 0.5226665735244751, 0.7229568362236023, -1.0, -0.6961928009986877, -0.5250730514526367, -0.39491748809814453, -0.28444138169288635, -0.18477343022823334, -0.09105003625154495, 0.0, 0.07958029955625534, 0.16093020141124725, 0.24611230194568634, 0.33791524171829224, 0.44070982933044434, 0.5626170039176941, 0.7229568362236023, 1.0};


__device__ static float nf4_dequantization_lut[16] = {
    -1.0f,                 // 0b0000
    -0.6961928009986877f,  // 0b0001
    -0.5250730514526367f,  // 0b0010
    -0.39491748809814453f, // 0b0011
    -0.28444138169288635f, // 0b0100
    -0.18477343022823334f, // 0b0101
    -0.09105003625154495f, // 0b0110
    0.0f,                  // 0b0111
    0.07958029955625534f,  // 0b1000
    0.16093020141124725f,  // 0b1001
    0.24611230194568634f,  // 0b1010
    0.33791524171829224f,  // 0b1011
    0.44070982933044434f,  // 0b1100
    0.5626170039176941f,   // 0b1101
    0.7229568362236023f,   // 0b1110
    1.0f                   // 0b1111
};

/*My custom distribution*/
/*__device__ static float nf4_dequantization_lut[16] = {
    0.0f,                  // 0b0000
    0.0911f,               // 0b0001
    0.1848f,               // 0b0010
    0.2844f,               // 0b0011
    0.3949f,               // 0b0100
    0.5251f,               // 0b0101
    0.6962f,               // 0b0110
    1.0f,                  // 0b0111
    0.0f,                  // 0b1000
    -0.0911f,              // 0b1001
    -0.1848f,              // 0b1010
    -0.2844f,              // 0b1011
    -0.3949f,              // 0b1100
    -0.5251f,              // 0b1101
    -0.6962f,              // 0b1110
    -1.0f                  // 0b1111
};*/

// source: https://stackoverflow.com/questions/17399119/how-do-i-use-atomicmax-on-floating-point-values-in-cuda
__device__ float atomicMax(float* address, float val) {
    int* address_as_i = reinterpret_cast<int*>(address);
    int old = *address_as_i, assumed;
    do {
        assumed = old;
        old = atomicCAS(reinterpret_cast<int*>(address), assumed, __float_as_int(fmaxf(val, __int_as_float(assumed))));
    } while (assumed != old);
    return __int_as_float(old);
}

__device__ __forceinline__ float dDequantizeFP4Tree(unsigned char val) {
    float sign = 1.0f - 2 * ((val & 0b1000) >> 3);
    return fp4_dequantization_lut[val & 0b111] * sign;
}

__device__ unsigned char dQuantizeFP4(float x) {
    // FP4 with bias of 3
    // first bit is a sign
    // subnormals
    // 0b000 = 0
    // 0b001 = 0.0625
    // 0b110 = 2
    // 0b111 = 3
    // 0b100 = 4
    // 0b101 = 6
    // 0b010 = 8
    // 0b011 = 12

    // we do a binary search
    // the pivots are divided by 12 (the FP4 absmax)
    // since we assume input data is in [-1.0, 1.0]

    // !be careful here, its easy to make a mistake
    // that is difficult to notice if you add an extra
    // zero somewhere!

    int sign = x < 0 ? 0b1000 : 0b0000;
    x = fabsf(x);
    if (x > 0.29166667f)
        if (x > 0.583333f)
            if (x > 0.8333333f)
                return 0b0011 + sign;
            else
                return 0b0010 + sign;
        else if (x > 0.4166667f)
            return 0b101 + sign;
        else
            return 0b100 + sign;
    else if (x > 0.0859375f)
        if (x > 0.20833333f)
            return 0b0111 + sign;
        else
            return 0b0110 + sign;
    else if (x > 0.00260417f)
        return 0b0001 + sign;
    else
        return 0b0000 + sign;
}

__device__ __forceinline__ float dDequantizeNF4(unsigned char val) { return nf4_dequantization_lut[val & 0x0F]; }

__device__ __forceinline__ float dDequantizeEWM_NF4(unsigned char A, unsigned char B) { return g_ewm_nf4_dequantization_lut[(A << 4) | B]; }

/*inline float dDequantizeEWM_NF4(unsigned char a, unsigned char b) {
    const uint8_t sign_a = (a >> 3) & 0x1;
    const uint8_t sign_b = (b >> 3) & 0x1;
    const uint8_t out_sign = sign_a ^ sign_b;

    const uint8_t idx_a = a & 0x7;
    const uint8_t idx_b = b & 0x7;

    // 6-bit value
    const uint8_t v = (idx_a << 3) | idx_b;

    float mag;

    if (v & 32) {
        if (v & 16) {
            if (v & 8)
                mag = (v & 1) ? 1.0f : 0.547f;
            else
                mag = (v & 2) ? 0.547f : 0.294f;
        } else {
            if (v & 8)
                mag = (v & 4) ? 0.294f : 0.168f;
            else
                mag = (v & 2) ? 0.102f : 0.055f;
        }
    } else {
        if (v & 16) {
            if (v & 8)
                mag = (v & 4) ? 0.168f : 0.102f;
            else
                mag = (v & 2) ? 0.055f : 0.027f;
        } else {
            mag = 0.0f;
        }
    }

    return out_sign ? -mag : mag;
}*/

__device__ unsigned char dQuantizeNF4(float x) {

    // the values for this tree was generated by test_normal_map_tree
    // in the file tests/test_functional.py
    if (x > 0.03979014977812767f)
        if (x > 0.3893125355243683f)         // 1
            if (x > 0.6427869200706482f)     // 11
                if (x > 0.8614784181118011f) // 111
                    return 0b1111;
                else
                    return 0b1110;
            else if (x > 0.5016634166240692f) // 110
                return 0b1101;
            else
                return 0b1100;
        else if (x > 0.2035212516784668f) // 10
            if (x > 0.2920137718319893f)  // 101
                return 0b1011;
            else
                return 0b1010;
        else if (x > 0.1202552504837513f) // 100
            return 0b1001;
        else
            return 0b1000;
    else if (x > -0.33967943489551544f)     // 0
        if (x > -0.13791173323988914f)      // 01
            if (x > -0.045525018125772476f) // 011
                return 0b0111;
            else
                return 0b0110;
        else if (x > -0.23460740596055984f) // 010
            return 0b0101;
        else
            return 0b0100;
    else if (x > -0.6106329262256622f) // 00
        if (x > -0.4599952697753906f)  // 001
            return 0b0011;
        else
            return 0b0010;
    else if (x > -0.8480964004993439f) // 000
        return 0b0001;
    else
        return 0b0000;
}

/* decode for my custom distribution -- found instability during inference */
/*__device__ unsigned char dQuantizeNF4(float x) {

    // the values for this tree was generated by test_normal_map_tree
    // in the file tests/test_functional.py
    if (x >= 0.0f)
        if (x > 0.33965f)         
            if (x > 0.61065f)     
                if (x > 0.8481000000000001f) 
                    return 0b0111;
                else
                    return 0b0110;
            else if (x > 0.45999999999999996f) 
                return 0b0101;
            else
                return 0b0100;

        else if (x >  0.13795f ) 
            if (x > 0.23459999999999998f)  
                return 0b0011;
            else
                return 0b0010;
        else if (x > 0.04555f )
            return 0b0001;
        else
            return 0b0000;
    else if (x > -0.33965f)     // 0
        if (x > -0.13795f)      // 01
            if (x > -0.04555f) 
                return 0b1000;
            else
                return 0b1001;
        else if (x > -0.23460740596055984f) // 010
            return 0b1010;
        else
            return 0b1011;
    else if (x > -0.61065f) // 00
        if (x > -0.45999999999999996f)  // 001
            return 0b1100;
        else
            return 0b1101;
    else if (x > -0.8481f) // 000
        return 0b1110;
    else
        return 0b1111;
}*/

// sign function for lion
// taken from https://stackoverflow.com/a/4609795, but not sure if there's a proper way to do this in CUDA

template <typename T> __device__ int sgn(T val) { return (T(0) < val) - (val < T(0)); }

template <int STOCHASTIC> __device__ unsigned char dQuantize(float* smem_code, const float rand, float x) {
    int pivot = 127;
    int upper_pivot = 255;
    int lower_pivot = 0;

    float lower = -1.0f;
    float upper = 1.0f;

    float val = smem_code[pivot];
    // i>>=1 = {32, 16, 8, 4, 2, 1}
    for (int i = 64; i > 0; i >>= 1) {
        if (x > val) {
            lower_pivot = pivot;
            lower = val;
            pivot += i;
        } else {
            upper_pivot = pivot;
            upper = val;
            pivot -= i;
        }
        val = smem_code[pivot];
    }

    if (upper_pivot == 255)
        upper = smem_code[upper_pivot];
    if (lower_pivot == 0)
        lower = smem_code[lower_pivot];

    if (!STOCHASTIC) {
        if (x > val) {
            float midpoint = (upper + val) * 0.5f;
            if (x > midpoint) {
                return upper_pivot;
            } else
                return pivot;
        } else {
            float midpoint = (lower + val) * 0.5f;
            if (x < midpoint)
                return lower_pivot;
            else
                return pivot;
        }
    } else {
        if (x > val) {
            float dist_to_upper = fabsf(upper - x);
            float dist_full = upper - val;
            if (rand >= dist_to_upper / dist_full)
                return upper_pivot;
            else
                return pivot;
        } else {
            float dist_to_lower = fabsf(lower - x);
            float dist_full = val - lower;
            if (rand >= dist_to_lower / dist_full)
                return lower_pivot;
            else
                return pivot;
        }
    }
}

template <int SIGNED>
__device__ __forceinline__ unsigned char
    quantize_2D(float* __restrict__ quadrants, float* __restrict__ const smem_code, float x) {
    int pivot = 127;
    int upper_pivot = 255;
    int lower_pivot = 0;

    float lower = SIGNED ? -1.0f : 0.0f;
    float upper = 1.0f;
    float midpoint;
    float val = quadrants[1];
    int local_pivot = 1;
    int offset = 1;

    // i>>=1 = {32, 16, 8, 4, 2, 1}
    for (int i = 64; i > 0; i >>= 1) {
        if (x > val) {
            lower_pivot = pivot;
            lower = val;
            pivot += i;
            // val = i == 64 ? quadrants[2] : smem_code[pivot];
            local_pivot += offset;
        } else {
            upper_pivot = pivot;
            upper = val;
            pivot -= i;
            // val = i == 64 ? quadrants[0] : smem_code[pivot];
            local_pivot -= offset;
        }
        val = i >= 64 ? quadrants[local_pivot] : smem_code[pivot];
        offset -= 1;
    }

    if (x > val) {
        midpoint = (upper + val) * 0.5f;
        if (x > midpoint)
            return upper_pivot;
        else
            return pivot;
    } else {
        midpoint = (lower + val) * 0.5f;
        if (x < midpoint)
            return lower_pivot;
        else
            return pivot;
    }
}

__launch_bounds__(TH, 4) __global__
    void kQuantize(float* code, float* __restrict__ const A, unsigned char* out, const int n) {
    const int n_full = (NUM_BLOCK * (n / NUM_BLOCK)) + (n % NUM_BLOCK == 0 ? 0 : NUM_BLOCK);
    int valid_items = (blockIdx.x + 1 == gridDim.x) ? n - (blockIdx.x * NUM_BLOCK) : NUM_BLOCK;
    const int base_idx = (blockIdx.x * NUM_BLOCK);

    float vals[NUM];
    unsigned char qvals[NUM];
    // const int lane_id = threadIdx.x % 2;

    typedef cub::BlockLoad<float, TH, NUM, cub::BLOCK_LOAD_WARP_TRANSPOSE> LoadFloat;
    typedef cub::BlockStore<unsigned char, TH, NUM, cub::BLOCK_STORE_WARP_TRANSPOSE> StoreChar;

    __shared__ typename LoadFloat::TempStorage loadf;
    __shared__ typename StoreChar::TempStorage storec;
    __shared__ float smem_code[256];
    //__shared__ float smem_code[2][257];

    if (threadIdx.x < 256) {
        smem_code[threadIdx.x] = code[threadIdx.x];
        // smem_code[0][threadIdx.x] = code[threadIdx.x];
        // smem_code[1][threadIdx.x] = smem_code[0][threadIdx.x];
    }

    for (unsigned int i = base_idx; i < n_full; i += gridDim.x * NUM_BLOCK) {
        // number of values already processed in blocks +
        // number of values already processed in this block +
        // rand_offset % mod value
        valid_items = n - i > NUM_BLOCK ? NUM_BLOCK : n - i;

        __syncthreads();
        LoadFloat(loadf).Load(&(A[i]), vals, valid_items);

#pragma unroll 4
        for (int j = 0; j < NUM; j++)
            qvals[j] = dQuantize<0>(smem_code, 0.0f, vals[j]);

        __syncthreads();
        StoreChar(storec).Store(&(out[i]), qvals, valid_items);
    }
}

template <typename T, int BLOCK_SIZE, int NUM_PER_TH, int STOCHASTIC, int DATA_TYPE>
//__launch_bounds__(TH, 4)
__global__ void kQuantizeBlockwise(
    float* code, T* __restrict__ const A, float* absmax, unsigned char* out, float* __restrict__ const rand,
    const int rand_offset, const int n
) {
    // This can overflow, so we clamp to INT32_MAX. We won't have more elements than this.
    const int n_full = min(gridDim.x * BLOCK_SIZE, INT32_MAX);

